806582.437500
285875.843750
68991.609375
11377.700195
772.467957
113.431992
197.237701
216.248093
176.720001
178.084579
151.312149
141.975677
124.062927
112.449295
115.441284
96.101891
97.269173
90.029274
79.837845
86.275719
75.110077
74.053406
70.973999
70.995758
66.285690
66.174858
67.740723
60.919464
65.320381
62.130848
59.147545
70.604752
48.492157
76.038757
57.147610
64.996826
57.689667
61.995571
65.668457
59.190380
70.001167
63.678604
73.464218
58.799541
81.062279
66.071831
76.804085
75.782013
82.305779
80.308723
84.383934
88.132492
92.794441
95.853111
97.973747
104.856506
108.804367
113.826584
119.722786
128.059402
132.743225
147.076889
149.390335
164.048721
177.098099
188.275635
205.371826
225.452957
244.940231
278.335052
301.305939
336.512512
363.482727
359.033234
123.256027
2177.308594
52006.437500
85640.406250
24684.990234
534.240356
307.207031
393.807465
383.807526
346.405243
309.767670
288.068909
255.293335
242.492493
215.023376
205.191132
184.977570
183.910095
165.708008
157.671661
152.012787
140.550079
137.733475
129.907257
123.260307
120.578850
114.150063
113.406754
105.589363
101.385551
98.724739
98.577904
96.183434
86.601562
88.003395
86.707298
83.695732
80.138100
80.882080
74.929115
75.503868
74.770889
79.862015
61.322117
70.744553
73.978073
61.550362
59.756931
72.631424
53.903412
65.254486
64.077049
55.422832
56.936882
62.627781
55.859047
52.322624
52.990421
59.865993
50.570686
52.503864
51.598652
50.392632
51.321117
49.343460
48.703316
48.793201
48.641705
45.725422
47.418133
44.442467
50.849300
42.587276
38.493340
50.431767
38.060509
47.591526
41.574375
40.301884
44.237686
42.630169
30.860300
48.351097
37.223221
46.054417
31.939648
43.551960
38.040470
39.127743
38.537270
29.231203
42.828987
36.541611
37.344257
30.779076
36.018879
38.098648
33.333187
31.852766
36.353046
34.079151
30.434723
39.828476
31.727215
33.448845
32.326786
32.684296
32.978115
31.729420
32.832180
30.354271
34.411674
29.018423
32.412815
29.840424
28.576468
32.392460
31.313822
27.089001
30.837788
32.125790
33.384716
17.769894
37.809158
24.066854
30.267340
29.193991
30.133850
28.565464
24.588282
33.228653
19.222944
21.405985
38.255207
25.911100
27.959009
21.939478
28.074575
22.238495
29.074623
29.137016
24.762320
25.550495
24.088192
27.609890
29.483738
24.331598
27.246864
25.738470
25.065216
24.440102
25.467386
24.952705
24.078894
29.940165
26.402981
25.638199
28.232965
22.557869
24.391401
25.227528
21.374788
24.059757
19.874214
23.061644
31.235943
19.233120
17.574514
29.920143
15.637351
30.883705
28.027958
9.779895
27.331421
21.939304
24.061882
25.248308
16.357624
25.958769
13.332062
32.656979
17.839537
24.336050
21.292580
22.580956
17.326834
26.336496
21.260393
20.645647
21.651405
23.197559
19.880381
21.255634
22.627920
18.542856
22.300800
20.741644
18.967316
21.906481
23.645170
21.138502
25.287512
19.033785
20.834198
18.366064
20.228157
19.982779
23.219688
16.372675
17.805622
24.563684
13.419064
15.540304
31.832802
15.882935
21.465679
14.139815
24.008368
11.746525
23.212992
16.461151
17.365931
24.967966
15.608974
19.629902
26.342663
14.419284
20.129316
14.984876
23.951351
20.105017
15.771463
20.268270
22.441141
18.149996
17.317778
21.253340
19.640360
16.563736
19.894827
17.685171
17.755720
20.252277
14.876841
21.675861
16.851547
20.194759
18.084097
15.379340
22.262106
14.501293
20.638290
16.134291
14.012798
23.231852
17.870909
9.944742
24.117624
25.017481
9.908134
23.510546
14.212964
13.826257
17.799192
23.736210
14.613487
10.922010
20.388412
21.817881
17.857012
12.842718
18.399546
20.130493
18.097641
13.960118
17.976730
14.400198
20.912022
15.589996
16.978600
17.810644
16.106056
19.025995
18.185276
16.320950
16.847937
20.882364
16.021585
15.391318
20.081018
15.180012
16.405800
16.439478
15.939574
20.240372
10.474733
20.214430
15.374199
17.664900
15.029009
21.485716
6.137839
23.871426
11.069894
23.452848
4.099429
25.714195
14.750304
24.101320
24735.429688
58017.054688
24736.099609
21.725496
21.105356
18.745182
17.457003
17.388117
11.762773
22.632017
15.109506
15.795331
16.029327
14.223868
18.367050
15.798137
14.553795
18.604433
14.408096
17.232996
15.078912
15.085732
18.262375
13.368151
18.183664
13.524803
13.924371
18.445501
18.226597
17.698380
7.921113
27.989481
9.323011
22.138464
9.713466
21.411837
16.521202
19.942993
8.723981
20.605165
8.145089
24.764374
7.510910
12.720885
17.476955
18.326469
10.227740
24.341228
10.215663
13.848134
22.577719
6.992066
27.878819
7.449133
15.756373
14.716670
14.479146
15.347300
13.662021
18.882799
14.047770
14.861755
15.607582
15.162337
17.897219
15.580938
13.751481
16.807827
15.273527
13.343546
17.148300
14.367153
10.986509
25.768854
9.329374
14.746375
16.961107
15.844581
15.488201
3.882574
23.655607
8.209662
13.707282
20.666033
16.326555
18.817007
2.603289
22.263132
9.360548
21.183163
12.073456
17.778625
9.443438
21.579510
12.126759
14.099646
12.731529
20.369297
12.823709
16.630978
12.956394
16.000042
15.387527
15.572331
14.129839
13.726923
17.654415
12.692759
17.164593
14.922127
13.737638
17.636143
12.535677
14.781940
13.816508
13.865789
18.268909
15.988990
11.020286
15.381222
12.476330
13.859373
24.283579
9.607433
9.623154
15.299748
16.164864
19.550539
52.474163
19.750000
12.820404
13.036542
16.055305
15.287967
9.603483
9.580725
24.270092
13.844071
12.461261
15.368962
10.998733
15.974193
18.274111
13.852899
13.811615
14.771735
12.525652
17.635639
13.727486
14.916906
17.163664
12.691629
17.647224
13.727555
14.124999
15.575781
15.380180
15.999849
12.957333
16.627367
12.824814
20.362886
12.736833
14.100220
12.129240
21.578281
9.448422
17.779646
12.073319
21.185207
9.362832
22.266012
2.611162
18.817059
16.339424
20.668697
13.710267
8.212358
23.665285
3.908522
15.408666
15.896989
16.968744
14.755015
9.331726
25.785442
10.980321
14.379879
17.163504
13.356318
15.292705
16.823977
13.766235
15.591201
17.928957
15.182034
15.641645
14.888966
14.086478
18.903469
13.719061
15.392138
14.531837
14.729015
15.441747
13.994267
15.917452
11.389414
22.626696
13.800120
10.148745
24.298796
10.163905
18.286669
17.438074
12.680091
7.474397
24.733078
8.110728
20.578085
8.697436
19.916651
16.499165
21.384884
9.714806
22.114809
9.318504
27.966803
7.920244
17.681513
18.206850
18.426975
13.911778
13.509818
18.165789
13.357903
18.247149
15.074411
15.070698
17.216017
14.402632
18.594444
14.540072
15.786509
18.345230
14.216684
16.018623
15.785943
15.097512
22.624067
11.749969
17.375307
17.449009
18.733715
21.097763
21.648874
24736.404297
58017.078125
24735.769531
24.048977
14.741854
25.705040
4.091376
23.443851
11.059829
23.862757
6.133186
21.477333
15.021545
17.651112
15.375149
20.202690
10.468372
20.232651
15.934815
16.435019
16.393314
15.175232
20.074575
15.383772
16.015114
20.875004
16.840334
16.314636
18.179205
19.019415
16.100758
17.803106
16.973351
15.582116
20.913294
14.393707
17.968176
13.955358
18.091057
20.124079
18.395441
12.837212
17.850815
21.811928
20.380898
10.912683
14.614227
23.728968
17.788839
13.819205
14.213266
23.546398
9.749040
25.099072
24.107483
9.940606
17.862926
23.227106
14.009753
16.131102
20.632589
14.496971
22.259945
15.370991
18.081787
20.190205
16.861877
21.672956
14.868330
20.250662
17.748907
17.680897
19.888353
16.559338
19.634645
21.249916
17.314604
18.087530
22.472136
20.244898
15.759082
20.101212
23.951113
14.983360
20.116644
14.420082
26.337914
19.625267
15.605301
24.964201
17.361773
16.456923
23.208405
11.741776
24.005930
14.135952
21.462463
15.878984
31.824774
15.538016
13.412744
24.559336
17.803974
16.368378
23.214024
19.979246
20.225357
18.361782
20.831089
19.026810
25.292332
21.135954
23.635759
21.903553
18.969120
20.742132
22.282932
18.548285
22.623707
21.254936
19.874996
23.194185
21.648993
20.641182
21.256750
26.330370
17.315269
22.710157
21.799673
24.332312
17.265205
32.606316
13.349108
25.956743
16.354177
25.244093
24.056911
21.935284
27.329399
9.777367
28.023027
30.875883
15.640545
29.913195
17.573124
19.229486
31.232260
23.063797
19.856237
24.064577
21.371248
25.224337
24.387232
22.554493
28.228197
25.635065
26.400423
29.934381
24.076334
24.949236
25.473532
24.437191
25.054468
25.740576
27.239193
24.329987
29.481050
27.606544
24.083023
25.545906
24.759447
29.133163
29.070553
22.231674
28.074799
21.934381
27.952085
25.907076
38.257748
21.460474
18.998016
33.354671
24.579954
28.562702
30.131128
29.192314
30.264446
24.064568
37.806072
17.766975
33.384922
32.116920
30.827330
27.085762
31.337692
32.400284
28.568039
29.840504
32.409451
29.016531
34.408897
30.349972
32.829632
31.727858
32.976597
32.608498
32.441135
33.404732
31.724867
39.826717
30.433395
34.084591
36.331379
31.863882
33.328903
38.095989
36.017338
30.777430
37.340546
36.538559
42.825592
29.228197
38.534748
39.128773
38.053314
43.549324
31.948116
46.057617
37.217014
48.351196
30.857393
42.627983
44.232807
40.298203
41.575363
47.589401
38.056084
50.425373
38.493649
42.583981
50.842796
44.438953
47.425602
45.740818
48.583817
48.824177
48.699974
49.339890
51.319889
50.388805
51.597763
52.500221
50.569462
59.860321
52.981449
52.355156
59.494522
54.813499
60.293987
55.511147
64.049919
65.254448
53.901539
72.628937
59.754112
61.548000
73.975822
70.742943
61.319515
79.857773
74.775307
75.498962
74.924835
80.880035
80.148438
83.714813
86.637123
88.042244
86.596893
96.182411
98.576469
98.723267
101.386620
105.586700
113.402069
114.147118
120.579918
123.262451
129.948288
137.729797
140.585922
152.027756
157.645493
165.717117
183.909042
184.974518
205.187180
215.020004
242.493835
255.291565
288.064484
309.764587
346.406311
383.804321
393.807739
307.204742
534.226746
24684.943359
85640.257812
52006.347656
2177.302979
123.256798
359.037628
363.483337
336.511017
301.305786
278.334351
244.942429
225.458191
205.345810
188.167114
177.098419
163.856537
149.350479
147.066925
132.755264
128.060226
119.723923
113.826408
108.807396
104.854340
97.974098
95.855728
92.761940
88.171494
84.361412
80.295853
82.305611
75.756828
76.816521
66.012810
81.097183
58.798244
73.464882
63.679188
70.001778
59.189255
65.668617
61.996754
57.689327
65.007416
57.091007
75.813385
48.489727
70.375076
59.093857
62.138123
65.322372
60.918140
67.740860
66.170731
66.285637
70.995827
70.973907
74.053596
75.096359
86.299835
79.813522
89.953384
97.267670
96.052902
115.438156
112.425064
124.075500
141.975174
151.310547
178.077209
176.718826
216.251678
197.237625
113.423691
772.467224
11377.678711
68991.492188
285875.312500
