1587628.000000
108601.710938
90876.781250
22820.968750
11374.664062
7041.049805
4902.877930
3687.791260
2890.685059
2389.971924
2019.749512
1755.489990
1548.771240
1396.615112
1284.553101
1181.653320
1107.931152
1040.440674
988.059021
946.615479
909.056396
881.465210
852.470398
837.668274
818.384949
802.717773
799.061035
778.049561
781.111206
773.862488
766.684082
775.442871
744.951355
788.910645
774.971558
781.687744
775.415894
786.441162
799.391785
803.022949
827.154907
833.585449
853.431885
851.062256
891.575439
892.659973
921.330322
944.403931
974.230652
992.834900
1024.838623
1057.903320
1098.601562
1133.952637
1166.716309
1222.102539
1264.675415
1323.441406
1385.672974
1461.880371
1539.949463
1629.623901
1738.424805
1854.643311
1993.338623
2154.113770
2345.473145
2578.099609
2862.518799
3225.420410
3687.807861
4314.687988
5206.530273
6572.569336
8901.562500
13820.675781
31028.486328
123963.906250
20642.957031
11251.009766
7732.056641
5886.050293
4759.384766
3983.185059
3421.246338
3013.017090
2673.504150
2421.742188
2186.958496
2009.888184
1852.346802
1745.687134
1618.467529
1521.598389
1435.545654
1357.325195
1292.728516
1224.291016
1170.127197
1122.721436
1062.616333
1025.297607
990.150879
953.484375
921.447632
884.380005
858.962036
829.998657
804.814453
781.840454
758.416321
738.098816
717.623291
698.881592
682.425964
670.178284
658.641235
625.652405
623.150269
611.902710
585.351685
572.293396
574.562073
549.395020
552.256470
545.880615
523.557373
515.454224
516.099976
497.950073
478.621643
480.108032
491.232910
467.736664
460.461456
453.477875
449.627228
451.479675
438.925354
422.851959
419.045563
417.216675
419.025391
412.778381
406.582092
399.286316
403.346771
396.721313
389.634552
384.735870
380.810181
377.408020
372.277557
370.649750
365.385773
355.769104
364.411011
359.019043
359.697388
347.553802
353.062775
346.340027
343.971771
333.667450
322.534698
337.096100
327.988922
323.590332
304.740082
314.869354
318.446777
303.345459
302.751221
306.623596
304.394409
296.067871
319.985474
307.890381
297.516113
298.302734
293.902344
282.909180
289.057983
297.785034
289.319336
286.475830
291.685974
286.134674
286.084045
280.326599
280.850250
275.249420
277.003052
275.551300
272.878052
274.767578
262.498474
272.335693
266.050476
266.734680
269.946686
266.603668
263.584320
257.256866
257.757324
241.652466
245.316101
271.667023
260.044220
252.368790
239.872223
244.744263
239.357117
255.301056
258.712616
247.120026
245.438400
242.369064
254.212265
256.792328
231.127518
246.399246
242.792175
229.274567
234.087997
240.043365
235.641068
238.707184
231.510559
246.249252
231.970612
230.460114
232.749115
232.257523
233.826569
229.961914
231.674347
228.304962
229.277802
235.575623
224.051865
223.672424
231.250153
224.121445
239.387726
230.410873
211.181671
225.823761
225.083405
229.693359
225.253052
213.161438
218.777771
206.603271
234.890869
216.780762
225.000000
218.701660
216.792236
204.961792
225.657654
220.632263
211.577881
220.573975
220.199646
207.717041
214.596191
209.997406
208.648163
211.153442
213.938080
214.662872
216.071030
206.017914
215.757187
208.821426
208.601486
211.633942
207.942581
209.278854
209.218750
208.456757
204.213776
203.593765
206.659210
198.526062
203.795517
220.848572
208.378052
205.891266
197.060379
203.439026
190.368073
203.237701
198.144287
202.823898
215.902496
205.492249
213.712204
221.931015
199.795975
202.257935
196.770401
214.711868
209.156708
194.971985
205.245300
208.343506
186.991150
186.475952
202.970734
198.572845
198.277618
198.912506
195.321808
196.077759
201.333496
197.749512
199.510376
197.781097
197.681366
200.166351
196.055328
201.045746
195.955505
198.178772
195.340698
193.553040
202.987183
196.994995
191.460327
209.420898
212.344238
194.208984
201.552979
190.629883
186.857300
197.369995
205.856201
188.795959
184.509155
200.986755
208.745483
197.856415
181.901733
197.175598
203.085571
198.173126
186.721100
188.839294
186.867493
194.614624
179.968323
189.618103
194.490265
193.804077
196.502350
185.072784
187.058899
184.555817
185.923187
189.791565
190.049957
189.773865
188.397705
189.808868
188.817780
189.236542
190.447357
181.322754
190.555328
189.061371
190.531006
188.502960
189.876648
173.421127
190.668640
180.293961
187.565994
167.272293
189.225418
178.656601
180.016342
193.117050
197.893723
195.877777
171.875977
189.548019
193.319839
193.898056
187.516891
179.292770
197.203888
185.405533
184.815430
180.172897
180.448975
186.793747
178.417419
179.631226
189.819489
185.318604
183.198639
184.156830
184.465668
183.604614
181.425446
184.772247
180.663910
182.664215
187.920868
188.300751
186.081818
173.071564
194.208313
178.995300
188.557312
179.680603
195.162903
196.313904
195.483215
179.263428
188.880920
176.152405
192.049255
169.256836
173.872925
187.385132
191.216064
183.354370
199.557617
179.519531
183.407471
194.070801
174.157227
180.878906
175.558594
178.955566
179.392578
178.681641
179.778320
177.356201
187.878906
182.942749
182.538330
181.184082
182.228394
181.540527
182.654053
181.024658
183.061829
182.959229
180.533691
183.278320
177.445068
171.406311
189.293396
174.000732
179.602295
183.579834
180.330933
172.641907
157.889771
182.722412
170.256653
181.398651
197.534180
192.718018
185.952667
162.063110
186.391235
179.222443
194.013031
184.468750
186.752045
176.839203
190.733459
177.665558
175.786530
173.826630
184.168213
173.723633
180.419678
177.952362
181.943604
181.193390
180.007324
178.926971
178.795593
184.274902
178.827911
183.825684
180.608215
180.766602
184.985657
178.558990
179.801483
179.811401
182.415588
188.534729
182.242065
170.652710
176.131042
176.246460
183.611450
194.673096
170.056641
164.243408
174.715332
179.572266
177.281250
180.105469
190.000000
180.101562
177.277344
179.571289
174.717285
164.240967
170.056396
194.672119
183.611816
176.246582
176.130798
170.654297
182.241150
188.537720
182.416138
179.811584
179.801575
178.558350
184.986267
180.769043
180.608398
183.826508
178.828064
184.274963
178.795593
178.927582
180.006836
181.193237
181.943878
177.950989
180.420013
173.724243
184.168274
173.827087
175.786865
177.667175
190.733612
176.838531
186.752136
184.468414
194.012970
179.222137
186.391113
162.061829
185.953003
192.720886
197.533478
181.398163
170.256409
182.722839
157.890564
172.641602
180.331482
183.580078
179.601746
174.000244
189.293335
171.406677
177.445679
183.277039
180.533386
182.959717
183.064209
181.023193
182.654053
181.544128
182.227417
181.183960
182.538086
182.941284
187.876709
177.356934
179.778320
178.683838
179.391602
178.952637
175.556641
180.878906
174.158203
194.070801
183.407227
179.519043
199.557373
183.351196
191.217041
187.384277
173.872803
169.258057
192.049683
176.153503
188.880737
179.264771
195.483337
196.316162
195.164612
179.679749
188.557373
178.993164
194.209930
173.070770
186.082306
188.301422
187.921173
182.664093
180.664032
184.772858
181.425659
183.605682
184.465820
184.158569
183.198303
185.320190
189.819672
179.630951
178.417618
186.795364
180.449097
180.172119
184.815445
185.405655
197.203949
179.292419
187.517151
193.897125
193.320160
189.546631
171.875732
195.874146
197.904694
193.118027
180.016296
178.661987
189.224258
167.271881
187.565094
180.291412
190.668732
173.420349
189.877213
188.503754
190.530121
189.066025
190.554916
181.322128
190.447586
189.236069
188.818146
189.807495
188.397675
189.776520
190.050522
189.791824
185.923492
184.553741
187.058563
185.071350
196.502808
193.803223
194.489731
189.615753
179.968231
194.612732
186.869904
188.840973
186.720551
198.174957
203.086517
197.176208
181.901825
197.856354
208.745361
200.987793
184.510132
188.793518
205.856079
197.369141
186.857300
190.630127
201.552246
194.205078
212.343750
209.421875
191.460083
196.994995
202.987305
193.552979
195.340515
198.178436
195.955139
201.045593
196.055267
200.169586
197.681503
197.780243
199.510254
197.751236
201.333160
196.078110
195.321823
198.912109
198.277802
198.572906
202.971222
186.475067
186.990723
208.339722
205.242493
194.973480
209.156693
214.715012
196.770111
202.254272
199.795654
221.931854
213.712311
205.492706
215.902725
202.822525
198.144730
203.237640
190.368179
203.440231
197.060303
205.889038
208.378036
220.848236
203.797226
198.526459
206.659454
203.594193
204.215118
208.455841
209.218781
209.278030
207.942780
211.635040
208.601562
208.822083
215.757629
206.017822
216.071121
214.662659
213.938446
211.156265
208.648712
209.996841
214.595551
207.717255
220.199432
220.573730
211.577759
220.632263
225.657776
204.964111
216.796631
218.695801
225.000000
216.778809
234.887451
206.600708
218.778381
213.161682
225.253418
229.692749
225.083557
225.825195
211.181274
230.410553
239.387787
224.125122
231.250702
223.673920
224.052383
235.575500
229.278427
228.303818
231.674362
229.962433
233.827347
232.257309
232.749298
230.459686
231.971924
246.251450
231.510590
238.706238
235.643326
240.044586
234.088013
229.274689
242.791550
246.401733
231.127563
256.793976
254.212402
242.368362
245.438507
247.117859
258.712830
255.300735
239.357712
244.744141
239.872116
252.368393
260.043610
271.664978
245.315002
241.648682
257.758362
257.256470
263.584320
266.603729
269.946991
266.735504
266.050812
272.336639
262.498260
274.769440
272.878052
275.551849
277.003204
275.249542
280.849701
280.325836
286.084290
286.135925
291.686279
286.475769
289.319702
297.785767
289.058228
282.910156
293.905762
298.298828
297.515381
307.889648
319.985718
296.065552
304.395264
306.622742
302.751587
303.346130
318.446289
314.869415
304.740479
323.591553
327.989136
337.096100
322.535126
333.667542
343.972046
346.338623
353.062866
347.554199
359.697296
359.018616
364.411591
355.767914
365.385254
370.652740
372.277618
377.410828
380.806122
384.733398
389.634766
396.717743
403.345184
399.285736
406.581696
412.778137
419.025665
417.211090
419.046631
422.852692
438.926941
451.480225
449.627502
453.477783
460.461243
467.737305
491.233643
480.109497
478.624756
497.949097
516.101562
515.448608
523.560303
545.881165
552.257202
549.396362
574.562500
572.292786
585.352051
611.902710
623.150574
625.650574
658.641357
670.175476
682.427063
698.882507
717.623047
738.097473
758.415527
781.838257
804.815796
829.998718
858.963379
884.380493
921.448242
953.482422
990.150879
1025.297363
1062.616943
1122.721191
1170.127930
1224.289062
1292.728760
1357.324707
1435.548096
1521.594727
1618.468994
1745.689697
1852.347900
2009.887939
2186.959229
2421.743164
2673.505371
3013.016113
3421.248779
3983.185059
4759.386230
5886.049316
7732.058594
11251.007812
20642.960938
123963.937500
31028.492188
13820.669922
8901.562500
6572.563477
5206.530273
4314.686523
3687.806641
3225.422852
2862.519287
2578.098633
2345.470215
2154.117676
1993.338623
1854.647705
1738.422119
1629.620483
1539.949829
1461.881836
1385.672241
1323.440430
1264.675537
1222.101074
1166.714478
1133.952393
1098.601440
1057.907471
1024.838013
992.834106
974.230530
944.404297
921.328857
892.657959
891.575684
851.063354
853.430908
833.587036
827.154785
803.023865
799.391357
786.440552
775.415955
781.686523
774.969116
788.912842
744.951294
775.444092
766.680847
773.860352
781.110840
778.049561
799.059387
802.718506
818.384705
837.668091
852.468506
881.465698
909.055847
946.618652
988.055847
1040.442871
1107.930664
1181.656372
1284.549316
1396.613281
1548.770630
1755.490601
2019.745850
2389.975586
2890.684570
3687.794189
4902.872070
7041.054688
11374.662109
22820.978516
90876.781250
108601.718750
